86.000000
141.125000
140.375000
216.750000
271.750000
270.500000
312.250000
350.625000
364.750000
384.500000
411.375000
543.375000
690.250000
797.750000
832.000000
948.250000
1052.500000
1110.125000
1193.375000
1197.750000
1354.625000
1410.125000
1566.500000
1794.250000
1883.500000
2038.500000
2163.750000
2347.625000
2402.625000
2459.750000
2498.625000
2605.875000
2648.000000
2865.000000
2899.250000
3075.375000
3230.750000
3300.750000
3428.375000
3633.000000
3679.000000
3740.625000
3783.375000
3873.500000
4038.500000
4175.750000
4353.000000
4473.000000
4538.000000
4682.250000
4807.375000
4863.000000
5012.750000
5214.750000
5323.000000
5454.375000
5620.250000
5835.250000
6032.750000
6166.875000
6179.750000
6312.750000
6437.875000
6609.750000
6753.625000
6827.000000
7045.500000
7174.250000
7215.125000
7331.000000
7452.375000
7605.000000
7850.000000
8068.000000
8084.500000
8240.250000
8355.250000
8392.750000
8491.125000
8566.500000
8745.250000
8849.875000
8978.500000
9085.375000
9161.375000
9248.000000
9322.000000
9430.750000
9561.750000
9645.375000
9772.625000
9886.625000
9907.500000
9992.625000
10175.625000
10276.875000
10383.875000
10529.750000
10679.000000
10771.375000
10834.250000
10950.375000
11118.250000
11216.875000
11386.125000
11554.375000
11556.625000
11731.375000
11903.875000
11979.000000
12088.875000
12208.625000
12309.375000
12377.500000
12431.875000
12589.875000
12731.375000
12820.500000
12932.125000
13063.500000
13161.500000
13274.750000
13350.875000
13387.125000
13485.750000
13721.000000
13810.125000
13907.750000
13958.625000
14118.250000
14117.000000
14159.000000
14362.250000
14398.625000
14584.000000
14619.125000
14686.750000
14785.125000
15115.750000
15138.750000
15306.625000
15537.125000
15719.000000
15859.375000
15866.875000
15902.000000
15899.625000
16040.000000
16173.500000
16260.375000
16327.500000
16400.750000
16464.250000
16614.750000
16747.000000
16825.500000
16922.625000
17047.875000
17117.375000
17240.500000
17318.500000
17358.000000
17399.875000
17462.375000
17502.000000
17612.875000
17647.250000
17656.000000
17890.000000
17893.750000
17966.375000
17987.000000
18206.250000
18295.625000
18339.500000
18355.875000
18495.625000
18571.125000
18729.000000
18992.625000
19029.625000
19120.125000
19251.000000
19255.750000
19374.250000
19461.250000
19590.375000
19659.000000
19800.125000
19829.500000
19943.250000
19961.125000
20037.125000
20134.500000
20176.000000
20314.125000
20528.875000
20574.250000
20648.875000
20725.625000
20799.375000
20839.000000
21018.875000
21115.625000
21218.375000
21411.250000
21515.500000
21629.500000
21824.375000
21898.625000
22056.000000
22074.125000
22238.875000
22268.000000
22339.250000
22366.125000
22399.125000
22452.000000
22562.000000
22663.750000
22762.250000
22838.125000
22845.375000
22926.500000
22933.750000
22974.750000
22986.000000
22986.750000
23125.125000
23223.250000
23337.250000
23530.875000
23596.375000
23858.000000
24051.500000
24174.875000
24365.625000
24371.125000
24589.250000
24705.000000
24708.875000
24766.500000
24816.500000
24940.625000
25126.625000
25328.250000
25536.875000
25632.375000
25807.375000
26026.750000
26222.750000
26267.375000
26261.750000
26376.250000
26439.875000
26459.750000
26533.375000
26543.250000
26753.250000
26794.625000
26868.750000
26959.750000
26952.875000
27087.625000
27141.375000
27338.250000
27449.125000
27651.000000
27794.250000
27887.250000
27926.500000
27984.250000
28083.875000
28117.375000
28204.000000
28258.375000
28301.625000
28425.625000
28423.500000
28516.500000
28576.125000
28637.875000
28791.750000
28997.125000
29133.875000
29220.625000
29362.375000
29563.250000
29662.625000
29748.125000
29770.125000
29905.250000
29990.500000
30083.625000
30159.125000
30173.750000
30239.875000
30311.250000
30460.750000
30548.375000
30612.250000
30816.250000
30898.500000
30909.250000
30979.500000
31190.875000
31194.625000
31348.125000
31340.875000
31384.250000
31403.250000
31590.625000
31621.250000
31801.250000
32026.875000
32086.250000
32156.625000
32256.625000
32377.125000
32458.125000
32625.000000
32839.375000
32941.375000
33073.250000
33115.250000
33185.500000
33321.375000
33471.375000
33570.750000
33813.250000
33856.375000
33932.750000
34216.875000
34229.125000
34304.875000
34443.625000
34523.000000
34761.875000
35020.875000
35048.250000
35111.000000
35174.625000
35284.750000
35331.750000
35410.500000
35657.625000
35671.125000
35808.625000
36037.625000
36070.375000
36253.500000
36334.125000
36412.000000
36558.250000
36565.000000
36645.500000
36663.875000
36829.625000
36913.625000
36988.500000
37090.875000
37219.375000
37218.125000
37371.375000
37448.125000
37544.250000
37725.875000
37866.125000
38057.625000
38184.125000
38292.250000
38359.500000
38573.125000
38659.500000
38837.875000
38984.375000
38987.125000
39032.250000
39147.875000
39179.750000
39348.125000
39350.250000
39492.625000
39601.875000
39738.500000
39828.125000
39854.625000
39994.250000
40003.250000
40002.125000
40147.875000
40217.500000
40252.375000
40392.000000
40389.000000
40557.750000
40755.750000
40835.000000
40948.375000
41055.000000
41212.625000
41239.250000
41268.500000
41345.500000
41442.500000
41585.500000
41720.375000
41837.125000
41917.375000
41943.375000
42184.125000
42244.875000
42357.125000
42506.500000
42692.625000
42725.875000
42878.750000
42918.625000
43040.500000
43147.750000
43258.625000
43374.625000
43430.750000
43453.750000
43623.875000
43738.375000
43798.750000
43829.000000
43944.125000
44086.000000
44145.500000
44268.125000
44473.625000
44627.625000
44803.125000
44923.375000
44959.125000
45106.000000
45129.625000
45178.750000
45201.625000
45358.250000
45595.375000
45731.375000
45868.625000
45915.250000
45935.750000
46149.250000
46290.625000
46427.125000
46548.750000
46766.250000
47001.000000
47045.250000
47231.750000
47263.750000
47364.000000
47395.125000
47475.625000
47476.000000
47657.750000
47678.875000
47765.375000
48018.375000
48151.875000
48247.125000
48375.750000
48590.250000
48775.500000
48770.000000
48809.875000
48896.625000
48983.250000
49027.875000
49136.625000
49188.750000
49271.750000
49433.625000
49441.000000
49694.375000
49697.875000
49889.000000
49954.500000
49988.250000
50027.125000
50131.125000
50335.625000
50487.000000
50621.000000
50705.375000
50765.375000
50844.375000
50936.125000
51038.250000
51050.500000
51192.250000
51404.500000
51470.500000
51680.250000
51751.500000
51821.000000
51841.500000
51958.250000
52103.000000
52282.375000
52301.750000
52401.625000
52558.625000
52570.375000
52577.250000
52764.250000
52862.125000
52980.875000
53082.000000
53300.250000
53510.750000
53578.250000
53731.375000
53804.625000
53843.125000
54027.750000
54138.875000
54244.125000
54316.250000
54445.250000
54490.625000
54561.500000
54677.875000
54742.125000
54864.375000
55011.875000
55084.250000
55129.500000
55293.000000
55360.875000
55469.250000
55620.500000
55647.375000
55697.750000
55860.500000
56077.500000
56125.500000
56321.000000
56400.250000
56595.375000
56664.125000
56657.000000
56673.375000
56849.500000
56992.250000
57115.125000
57143.375000
57315.250000
57416.750000
57566.125000
57665.250000
57733.500000
57777.250000
57881.875000
58012.250000
58123.250000
58225.000000
58280.125000
58473.250000
58628.375000
58713.500000
58945.375000
59009.250000
59042.375000
59086.250000
59099.375000
59157.000000
59259.500000
59380.000000
59539.250000
59737.000000
59779.625000
59881.375000
59890.125000
59969.500000
60019.750000
60023.375000
60128.625000
60210.375000
60261.250000
60411.750000
60516.250000
60571.875000
60667.750000
60850.250000
60931.125000
61198.625000
61308.500000
61464.625000
61467.750000
61516.000000
61580.375000
61762.125000
61948.000000
61990.000000
62028.000000
62170.625000
62221.875000
62415.625000
62561.375000
62622.375000
62744.625000
62863.125000
62893.625000
62953.000000
63097.875000
63150.500000
63185.125000
63295.125000
63365.500000
63548.000000
63705.750000
63836.875000
64015.250000
64192.125000
64286.500000
64414.875000
64452.750000
64533.250000
64567.000000
64720.375000
64802.500000
64891.375000
64987.750000
65139.000000
65354.125000
65382.500000
65478.625000
65510.375000
65575.500000
65618.250000
65760.125000
65819.125000
66027.125000
66072.875000
66255.875000
66432.750000
66493.250000
66539.375000
66669.125000
66759.750000
66923.125000
66919.875000
66932.625000
66982.000000
66996.125000
67055.375000
67207.125000
67324.375000
67385.125000
67436.125000
67424.250000
67483.875000
67507.000000
67582.250000
67597.625000
67664.125000
67875.375000
68200.625000
68269.125000
68355.375000
68477.125000
68682.625000
68691.125000
68795.000000
68802.875000
68980.500000
69106.875000
69182.500000
69206.125000
69341.875000
69367.125000
69402.875000
69480.750000
69480.500000
69576.000000
69669.125000
69751.500000
69930.875000
70116.250000
70124.250000
70202.500000
70265.375000
70290.125000
70379.500000
70568.000000
70743.000000
70845.500000
70867.375000
70885.250000
71047.250000
71168.000000
71425.125000
71557.750000
71718.125000
71851.875000
71868.375000
72047.125000
72143.750000
72161.750000
72209.250000
72233.875000
72337.250000
72528.875000
72617.375000
72703.375000
72706.500000
72805.625000
72926.125000
73003.625000
73019.625000
73233.250000
73236.875000
73340.625000
73442.000000
73621.500000
73622.625000
73724.750000
73815.750000
73890.000000
74017.375000
74074.625000
74156.000000
74143.000000
74257.125000
74358.250000
74415.500000
74535.000000
74773.000000
74988.750000
75147.875000
75357.750000
75456.500000
75532.250000
75757.000000
75854.875000
75913.500000
76085.375000
76145.375000
76261.750000
76474.750000
76468.125000
76474.000000
76534.750000
76560.625000
76574.250000
76768.250000
76815.625000
76935.750000
77134.375000
77205.500000
77251.750000
77346.250000
77374.750000
77457.125000
77517.125000
77672.750000
77900.250000
78031.375000
78026.750000
78032.000000
78134.000000
78141.625000
78344.000000
78453.625000
78646.625000
78727.000000
78817.500000
78902.125000
78930.875000
79070.625000
79191.875000
79219.750000
79285.500000
79371.625000
79455.125000
79500.750000
79552.375000
79643.500000
79694.125000
79752.375000
79874.875000
79975.375000
80020.625000
80055.625000
80094.000000
80153.250000
80305.250000
80602.375000
80609.875000
80779.875000
80981.500000
81065.000000
81074.250000
81117.500000
81186.250000
81409.625000
81607.875000
81804.375000
81987.625000
82115.125000
82177.500000
82399.250000
82412.125000
82532.375000
82554.000000
82691.625000
82731.250000
82806.375000
82877.750000
82955.750000
83034.750000
83210.250000
83338.250000
83378.500000
83511.000000
83563.500000
83635.125000
83716.375000
83766.125000
83842.500000
84061.375000
84225.125000
84348.250000
84419.250000
84571.375000
84706.000000
84803.250000
85095.125000
85165.250000
85289.500000
85468.500000
85588.750000
85714.375000
85861.375000
85916.875000
85995.250000
86042.000000
86065.875000
86096.125000
86221.625000
86235.875000
86340.000000
86474.625000
86586.750000
86777.500000
86805.875000
86911.125000
86995.500000
87192.250000
87189.250000
87325.750000
87577.000000
87722.750000
87831.625000
88116.875000
88333.375000
88457.375000
88520.750000
88555.125000
88699.875000
88846.125000
88950.375000
89145.000000
89223.375000
89347.250000
89528.500000
89652.000000
89703.375000
89800.500000
89852.625000
90061.375000
90167.875000
90239.875000
90514.250000
90650.750000
90753.625000
90932.500000
91047.750000
91207.750000
91224.125000
91251.750000
91353.625000
91525.000000
91584.625000
91743.625000
91839.000000
91870.875000
91944.125000
92127.625000
92144.125000
92212.250000
92367.250000
92437.375000
92562.500000
92653.375000
92706.125000
92835.000000
92920.500000
92922.125000
92919.125000
93089.625000
93267.125000
93359.500000
93428.625000
93602.875000
93616.750000
93638.375000
93721.625000
93795.000000
93863.375000
93890.750000
93932.625000
93976.000000
94118.375000
94244.625000
94383.250000
94604.000000
94677.500000
94699.250000
94725.625000
94828.875000
94977.500000
95043.875000
95074.500000
95085.250000
95207.375000
95389.500000
95534.500000
95579.875000
95635.250000
95663.625000
95858.500000
96087.625000
96328.000000
96375.750000
96481.875000
96479.500000
96518.000000
96592.250000
96673.250000
96696.125000
96846.000000
96990.000000
97075.125000
97265.750000
97511.000000
97646.625000
97719.875000
97895.625000
98059.750000
98198.125000
98381.250000
98535.250000
98581.750000
98608.250000
98687.125000
98779.000000
98881.625000
98992.250000
99156.750000
99236.000000
99395.625000
99464.500000
99516.500000
99584.875000
99789.375000
99975.750000
100263.250000
100464.500000
100604.875000
100696.500000
100797.750000
100839.375000
100950.125000
101138.625000
101154.625000
101268.125000
101379.375000
101628.125000
101743.500000
101778.000000
101934.875000
101936.750000
102002.000000
102215.500000
102320.250000
102459.375000
102656.875000
102753.750000
102782.625000
102818.875000
103002.000000
103088.250000
103097.500000
103240.625000
103375.875000
103447.000000
103480.250000
103687.125000
103735.250000
103917.500000
103977.250000
104152.875000
104144.500000
104227.875000
104334.750000
104481.625000
104505.375000
104624.250000
104647.375000
104725.750000
104836.375000
104855.625000
104893.000000
105065.125000
105107.625000
105294.250000
105437.500000
105578.375000
105675.250000
105686.500000
105690.375000
105807.500000
105816.875000
105892.750000
105954.375000
106106.000000
106117.000000
106158.000000
106285.375000
106310.500000
106576.125000
106650.875000
106692.250000
106743.250000
106763.375000
106787.375000
106956.375000
107069.625000
107272.000000
107424.625000
107452.375000
107551.875000
107621.500000
107679.375000
107793.875000
108102.875000
108283.125000
108479.125000
108648.250000
108707.500000
108896.250000
109019.375000
109025.250000
109115.500000
109170.250000
109217.750000
109283.125000
109336.625000
109381.125000
109451.000000
109551.750000
109558.125000
109681.750000
109859.625000
110043.125000
110176.000000
110235.125000
110270.000000
110333.000000
110407.625000
110436.250000
110602.125000
110672.750000
110761.250000
110885.375000
111084.625000
111173.000000
111178.250000
111199.750000
111300.000000
111512.000000
111574.125000
111572.000000
111616.500000
111668.625000
111717.750000
111832.375000
111885.625000
112048.625000
112098.250000
112244.125000
112327.250000
112441.250000
112435.000000
112520.250000
112630.375000
112679.250000
112772.000000
112910.875000
112996.500000
113081.500000
113151.000000
113248.750000
113341.250000
113366.375000
113381.750000
113413.250000
113439.875000
113482.500000
113617.000000
113747.125000
113828.000000
113848.625000
113961.125000
114055.500000
114131.750000
114175.250000
114471.000000
114684.250000
114875.875000
114876.625000
114956.000000
115033.500000
115075.000000
115215.000000
115331.500000
115530.750000
115595.875000
115695.250000
115849.375000
116022.125000
116090.250000
116202.750000
116245.000000
116305.125000
116443.000000
116494.500000
116527.750000
116707.875000
116838.625000
116854.625000
116935.875000
116988.250000
117061.000000
117076.625000
117178.000000
117252.375000
117261.375000
117359.250000
117454.500000
117500.625000
117608.875000
117781.625000
117856.000000
117909.625000
117921.000000
117974.000000
118129.000000
118256.250000
118262.875000
118260.000000
118273.375000
118381.125000
118540.875000
118767.250000
118965.750000
119122.500000
119255.000000
119407.375000
119515.125000
119605.375000
119633.375000
119643.625000
119777.250000
119871.375000
119961.125000
120035.000000
120293.625000
120526.875000
120581.500000
120708.125000
121009.125000
121244.875000
121330.875000
121413.375000
121463.500000
121601.500000
121721.625000
121842.750000
121960.875000
122001.625000
122269.000000
122422.000000
122452.500000
122600.875000
122674.375000
122805.000000
123009.500000
123146.500000
123159.250000
123285.625000
123424.250000
123579.250000
123703.500000
123834.750000
123839.000000
123939.250000
124081.875000
124162.125000
124262.750000
124372.625000
124604.625000
124678.375000
124810.750000
124915.500000
125005.375000
125055.750000
125150.125000
125305.000000
125436.375000
125512.375000
125660.375000
125734.500000
125836.125000
126065.250000
126104.375000
126321.000000
126410.375000
126495.625000
126509.750000
126653.375000
126696.250000
126862.625000
127076.875000
127339.625000
127543.000000
127566.875000
127641.125000
127693.375000
127682.750000
127725.625000
127735.000000
127931.000000
128050.750000
128198.625000
128348.625000
128565.375000
128619.750000
128709.500000
128902.875000
128970.125000
129030.250000
129141.500000
129204.500000
129330.250000
129399.750000
129466.875000
129568.375000
129639.625000
129640.000000
129702.375000
129779.875000
129795.375000
129805.125000
129865.625000
129939.500000
129961.625000
130023.750000
130147.375000
130225.375000
130277.875000
130373.625000
130674.750000
130802.000000
130856.750000
130935.625000
131051.625000
131067.375000
131224.250000
131256.000000
131335.125000
131451.250000
131705.875000
131974.000000
132097.250000
132142.250000
132222.500000
132228.250000
132404.250000
132530.750000
132683.875000
132692.750000
132778.500000
132905.500000
132977.625000
133069.375000
133075.000000
133295.500000
133377.375000
133476.750000
133507.500000
133506.625000
133627.125000
133635.500000
133761.500000
133824.500000
133971.250000
134239.750000
134287.625000
134419.500000
134581.000000
134612.500000
134904.375000
135019.125000
135022.625000
135148.750000
135244.500000
135359.375000
135456.375000
135614.500000
135646.250000
135700.125000
135740.375000
135741.125000
135851.250000
135923.500000
136099.750000
136199.625000
136258.500000
136327.750000
136443.250000
136480.750000
136576.000000
136608.750000
136652.375000
136760.375000
136832.750000
136891.000000
136965.000000
137005.875000
137192.000000
137276.750000
137391.375000
137544.500000
137573.250000
137636.625000
137683.750000
137687.250000
137843.375000
137928.625000
137963.250000
138104.375000
138258.250000
138393.500000
138445.375000
138530.750000
138577.125000
138762.625000
138917.125000
139090.250000
139235.250000
139421.000000
139554.500000
139740.250000
139866.500000
140065.750000
140304.625000
140388.125000
140548.875000
140585.000000
140697.750000
140782.500000
140847.500000
141013.000000
141113.500000
141128.875000
141292.750000
141466.875000
141530.375000
141551.125000
141620.000000
141837.750000
141956.125000
142108.125000
142300.625000
142340.750000
142377.500000
142404.625000
142491.125000
142706.000000
142913.000000
142960.875000
143109.125000
143292.500000
143301.750000
143468.500000
143656.250000
143827.125000
143894.500000
144082.875000
144104.375000
144173.625000
144314.500000
144349.500000
144443.000000
144617.500000
144659.750000
144713.375000
144756.000000
144871.875000
144976.000000
145130.375000
145233.875000
145398.250000
145733.750000
146010.250000
146147.125000
146242.000000
146441.750000
146639.000000
146761.750000
146856.000000
146963.875000
147079.000000
147108.375000
147169.500000
147244.000000
147325.750000
147402.375000
147482.750000
147668.125000
147742.875000
147777.500000
147769.250000
147875.875000
147901.875000
147974.750000
147990.500000
148106.375000
148381.875000
148392.875000
148536.000000
148631.375000
148715.500000
148866.500000
148990.125000
149040.000000
149167.125000
149299.375000
149327.375000
149551.250000
149766.000000
149827.000000
149938.125000
150041.000000
150097.625000
150161.000000
150202.875000
150328.375000
150374.000000
150652.125000
150790.875000
150855.375000
150951.000000
151009.500000
151119.500000
151132.500000
151175.250000
151250.375000
151291.500000
151415.125000
151677.750000
151815.125000
151835.250000
151841.250000
151849.750000
152050.625000
152092.375000
152177.750000
152184.500000
152351.500000
152567.625000
152625.750000
152619.500000
152717.250000
152887.000000
153117.500000
153405.500000
153547.250000
153658.625000
153700.875000
153795.125000
153852.000000
153997.750000
154073.875000
154237.375000
154341.125000
154507.000000
154600.125000
154653.625000
154707.875000
154977.875000
155036.500000
155155.250000
155253.500000
155455.875000
155671.125000
155713.000000
155937.750000
156004.250000
156223.125000
156220.375000
156332.000000
156375.875000
156481.375000
156555.125000
156576.250000
156808.625000
156934.000000
157165.000000
157274.250000
157379.375000
157516.625000
157763.500000
157764.125000
157907.875000
157912.250000
158021.625000
158158.375000
158315.625000
158548.000000
158646.250000
158682.250000
158730.000000
158874.500000
158895.750000
158940.250000
159064.375000
159166.750000
159325.875000
159433.625000
159426.500000
159479.125000
159554.875000
159610.375000
159632.875000
159639.125000
159766.250000
159819.625000
159860.250000
159943.875000
160059.875000
160184.375000
160371.500000
160529.000000
160612.875000
160689.500000
160779.875000
160780.125000
160941.750000
160979.125000
161020.500000
161182.000000
161384.250000
161430.250000
161620.000000
161655.625000
161776.500000
161840.125000
161985.000000
162045.875000
162113.000000
162237.500000
162336.625000
162385.875000
162415.375000
162705.625000
162937.875000
163001.500000
163088.000000
163236.250000
163294.125000
163478.500000
163558.875000
163630.125000
163639.625000
163818.000000
163876.125000
163947.500000
164088.125000
164307.250000
164368.125000
164503.375000
164635.875000
164672.500000
164728.250000
164851.250000
165049.500000
165221.375000
165285.125000
165382.875000
165398.875000
165529.000000
165611.625000
165661.125000
165707.750000
165819.375000
165928.875000
165978.375000
166123.500000
166159.875000
166186.500000
166266.750000
166373.875000
166451.875000
166576.625000
166657.625000
166817.125000
166924.500000
166948.375000
167121.625000
167289.125000
167554.625000
167567.625000
167675.375000
167749.750000
167910.000000
167995.750000
168159.250000
168169.875000
168425.000000
168444.125000
168503.750000
168638.500000
168797.375000
168948.375000
169081.500000
169116.250000
169171.625000
169351.375000
169460.875000
169519.750000
169639.500000
169716.500000
169826.625000
169878.375000
169898.125000
169928.125000
169997.125000
170114.000000
170164.375000
170303.875000
170497.375000
170713.500000
170791.625000
170813.125000
170869.125000
171027.125000
171084.625000
171176.125000
171244.750000
171280.125000
171365.500000
171458.250000
171687.000000
171747.750000
171963.625000
172145.500000
172261.125000
172369.750000
172372.625000
172400.250000
172614.125000
172636.750000
172854.250000
173030.500000
173101.875000
173188.875000
173215.125000
173220.375000
173318.625000
173485.000000
173542.125000
173786.875000
174017.000000
174058.000000
174236.125000
174329.500000
174434.500000
174598.250000
174671.875000
174681.500000
174752.625000
174823.000000
174916.000000
175043.000000
175091.875000
175088.250000
175301.375000
175360.500000
175452.750000
175591.375000
175605.625000
175691.875000
175742.125000
175883.750000
176083.750000
176153.375000
176315.500000
176443.000000
176515.250000
176750.125000
176953.625000
177064.500000
177193.875000
177383.625000
177651.875000
177743.750000
177873.375000
177955.250000
178096.375000
178324.250000
178532.000000
178720.750000
178905.375000
178947.375000
179112.000000
179245.250000
179268.750000
179528.250000
179759.750000
179827.125000
179826.625000
179957.250000
180047.000000
180094.500000
180204.500000
180335.250000
180470.875000
180518.375000
180618.000000
180700.750000
180825.875000
181053.500000
181197.625000
181374.250000
181539.375000
181675.750000
181799.000000
181835.125000
181878.750000
182114.375000
182237.375000
182287.125000
182374.500000
182448.375000
182571.250000
182698.875000
182787.375000
182844.375000
183022.750000
183089.250000
183184.125000
183299.375000
183508.375000
183686.125000
183776.500000
183850.875000
184021.250000
184082.125000
184196.000000
184284.375000
184375.250000
184438.000000
184462.125000
184728.250000
184774.875000
184832.625000
184978.625000
185093.750000
185110.625000
185135.500000
185214.875000
185268.125000
185284.500000
185299.125000
185447.125000
185704.125000
185863.125000
185965.875000
186066.500000
186094.125000
186241.375000
186388.125000
186397.250000
186504.500000
186619.750000
186682.500000
186834.625000
186999.500000
187140.875000
187350.750000
187374.250000
187515.375000
187567.250000
187624.125000
187803.000000
187829.625000
187843.750000
187914.000000
188116.250000
188255.125000
188370.625000
188494.875000
188668.750000
188803.375000
188852.250000
188984.125000
189148.875000
189166.625000
189326.250000
189462.375000
189494.500000
189736.625000
189826.750000
189876.250000
189920.125000
190025.000000
190214.375000
190356.500000
190529.750000
190608.750000
190659.125000
190816.125000
190890.625000
190916.750000
190916.000000
190979.875000
191009.750000
191068.625000
191168.125000
191332.250000
191549.000000
191692.500000
191764.250000
191941.000000
192004.250000
192216.375000
192282.250000
192381.000000
192495.000000
192729.375000
192867.875000
193050.750000
193349.375000
193356.250000
193494.000000
193530.375000
193611.375000
193726.500000
193795.125000
193881.500000
193931.875000
193996.125000
194050.750000
194221.500000
194322.000000
194356.750000
194374.375000
194477.750000
194603.375000
194771.375000
194996.500000
195281.125000
195486.500000
195537.250000
195574.375000
195717.125000
195748.250000
195785.625000
195909.500000
195943.125000
196043.375000
196085.500000
196193.125000
196191.375000
196219.375000
196323.625000
196458.500000
196559.625000
196655.000000
196646.625000
196772.375000
196900.625000
196903.375000
196965.500000
196982.375000
197022.250000
197200.125000
197394.000000
197415.875000
197597.375000
197732.375000
197913.125000
197951.250000
198027.875000
198109.875000
198262.250000
198313.000000
198489.625000
198631.625000
198731.000000
198798.625000
198992.875000
199225.000000
199465.875000
199476.625000
199661.375000
199679.000000
199880.625000
200147.500000
200275.875000
200395.250000
200502.500000
200616.750000
200610.250000
200682.625000
200809.250000
200912.500000
201080.000000
201104.250000
201275.625000
201305.875000
201311.625000
201318.375000
201417.125000
201523.000000
201536.125000
201627.000000
201767.875000
201878.125000
201943.125000
202154.000000
202301.750000
202379.500000
202396.250000
202468.375000
202635.000000
202813.000000
202961.875000
203028.125000
203113.125000
203163.000000
203173.750000
203208.375000
203355.000000
203377.500000
203425.000000
203423.000000
203433.250000
203475.625000
203561.375000
203886.000000
204015.000000
204120.125000
204233.250000
204266.250000
204427.500000
204447.875000
204688.875000
204773.625000
204795.875000
204998.000000
205125.500000
205180.375000
205283.750000
205422.250000
205663.250000
205829.875000
205984.625000
205998.875000
206071.250000
206210.375000
206294.500000
206327.375000
206389.250000
206506.375000
206535.500000
206617.375000
206655.500000
206688.125000
206946.125000
207121.125000
207238.375000
207459.625000
207659.875000
207768.500000
207837.625000
207901.000000
207959.750000
207979.875000
208066.750000
208117.875000
208241.750000
208380.125000
208413.250000
208479.250000
208541.500000
208658.250000
208696.000000
208811.125000
208932.625000
209188.000000
209327.625000
209448.250000
209512.000000
209644.875000
209867.875000
209958.125000
210076.375000
210124.125000
210223.000000
210409.000000
210512.625000
210531.750000
210644.000000
210704.250000
210877.875000
210936.125000
211004.875000
211027.250000
211224.375000
211243.750000
211338.625000
211385.250000
211554.000000
211756.625000
211962.000000
212122.125000
212203.125000
212210.750000
212416.375000
212622.500000
212745.875000
212816.750000
212914.375000
213064.250000
213144.375000
213231.250000
213241.000000
213267.875000
213305.375000
213437.625000
213497.250000
213497.750000
213635.625000
213731.500000
213876.125000
214072.875000
214127.750000
214288.125000
214388.000000
214480.625000
214621.875000
214665.875000
214779.000000
214970.500000
215028.750000
215079.250000
215172.875000
215271.375000
215525.000000
215602.250000
215622.250000
215724.125000
215749.625000
215874.875000
215953.875000
216064.125000
216124.750000
216238.625000
216339.625000
216384.375000
216615.625000
216801.375000
216880.125000
217047.250000
217216.750000
217402.375000
217517.875000
217693.250000
217935.750000
218118.750000
218166.500000
218171.875000
218298.250000
218375.500000
218461.500000
218559.125000
218725.875000
218930.625000
219023.250000
219091.375000
219146.250000
219247.625000
219294.625000
219446.875000
219725.750000
219912.375000
219956.125000
220017.500000
220128.250000
220257.750000
220368.500000
220475.000000
220551.875000
220625.375000
220703.250000
220833.750000
220860.625000
220939.750000
221054.875000
221089.500000
221243.750000
221294.625000
221481.750000
221640.750000
221780.875000
221832.500000
221990.875000
222128.625000
222318.250000
222407.000000
222468.375000
222490.000000
222676.500000
222677.125000
222831.500000
222833.750000
222892.125000
222902.750000
223110.500000
223175.750000
223260.125000
223323.125000
223409.750000
223519.250000
223636.375000
223693.625000
223814.375000
223832.750000
223931.875000
224073.000000
224147.500000
224237.000000
224247.750000
224305.375000
224366.375000
224450.500000
224499.000000
224676.625000
224904.750000
225028.875000
225060.125000
225175.875000
225196.500000
225225.000000
225404.250000
225431.000000
225517.750000
225602.000000
225829.750000
225884.875000
225943.250000
225956.625000
226126.875000
226151.125000
226272.750000
226354.750000
226535.250000
226734.000000
226789.125000
226930.875000
227066.500000
227135.250000
227215.750000
227332.125000
227371.000000
227385.250000
227469.250000
227567.625000
227665.750000
227687.125000
227818.750000
228102.750000
228332.875000
228455.750000
228565.375000
228623.250000
228721.750000
228805.250000
228996.125000
229062.750000
229104.000000
229206.250000
229306.375000
229382.750000
229409.375000
229616.000000
229714.125000
229884.875000
230012.000000
230195.250000
230238.375000
230312.750000
230350.750000
230491.250000
230497.250000
230614.375000
230710.375000
230807.375000
230844.500000
230932.125000
231022.500000
231227.875000
231332.500000
231342.000000
231475.875000
231670.375000
231938.375000
231959.125000
232032.125000
232155.875000
232271.625000
232431.000000
232436.875000
232483.875000
232488.000000
232630.625000
232704.000000
232728.125000
232778.000000
232871.875000
232945.875000
232952.375000
232966.000000
233128.500000
233256.875000
233445.250000
233491.500000
233663.875000
233701.375000
233893.375000
233926.625000
234025.375000
234083.625000
234098.625000
234170.250000
234266.625000
234416.375000
234557.500000
234649.750000
234796.875000
234864.750000
235011.000000
235089.875000
235189.750000
235340.250000
235391.750000
235395.750000
235599.625000
235763.375000
235828.750000
235855.250000
235867.500000
235938.750000
236137.500000
236266.625000
236345.125000
236507.750000
236595.375000
236706.375000
236762.000000
236860.000000
236974.125000
237093.250000
237092.125000
237164.875000
237251.875000
237269.375000
237381.500000
237410.125000
237488.875000
237581.625000
237690.000000
237786.125000
237786.500000
237851.625000
237933.875000
237958.750000
238049.750000
238096.375000
238241.500000
238375.375000
238533.750000
238718.875000
238757.250000
238859.125000
239052.750000
239239.625000
239306.625000
239323.625000
239488.250000
239779.875000
240036.750000
240114.000000
240161.125000
240314.125000
240438.750000
240461.125000
240502.875000
240778.375000
240991.375000
241154.375000
241383.250000
241589.375000
241769.875000
241786.625000
241867.500000
241920.250000
242030.875000
242038.375000
242108.250000
242210.625000
242320.875000
242311.125000
242321.000000
242399.750000
242410.375000
242486.250000
242624.000000
242645.375000
242753.500000
242849.000000
242904.000000
242899.750000
242956.375000
243107.000000
243283.625000
243330.625000
243501.750000
243565.375000
243711.500000
243785.250000
243973.625000
243991.500000
244104.875000
244113.500000
244227.500000
244362.000000
244383.000000
244518.750000
244545.125000
244571.250000
244691.500000
244884.750000
245040.875000
245260.875000
245292.500000
245401.250000
245448.750000
245626.125000
245776.125000
245935.875000
246043.375000
246184.750000
246244.375000
246306.625000
246497.750000
246656.250000
246722.750000
246885.750000
246949.125000
247151.875000
247347.000000
247406.500000
247503.500000
247570.875000
247663.500000
247753.375000
247848.875000
247927.625000
247969.625000
248015.500000
248091.125000
248225.625000
248399.250000
248482.875000
248557.000000
248765.250000
248771.750000
249110.250000
249367.125000
249431.875000
249465.250000
249617.375000
249754.500000
249858.750000
249971.375000
249983.500000
250081.000000
250124.250000
250255.625000
250284.250000
250455.375000
250590.125000
250670.625000
250906.250000
251026.250000
251266.500000
251474.125000
251568.250000
251675.375000
251672.875000
251719.750000
251738.375000
251858.250000
251907.750000
252153.000000
252347.375000
252359.375000
252514.375000
252667.375000
252719.375000
252814.625000
252907.750000
253043.500000
253077.375000
253291.500000
253345.375000
253453.875000
253599.875000
253818.375000
253944.625000
254018.000000
254085.375000
254192.000000
254344.750000
254501.250000
254505.875000
254739.375000
254893.875000
254970.750000
255085.375000
255157.625000
255264.750000
255341.250000
255426.625000
255541.625000
255688.875000
255896.750000
255946.750000
255998.875000
256082.375000
256211.750000
256325.875000
256351.750000
256384.750000
256449.375000
256667.000000
256826.000000
256847.375000
257043.125000
257227.250000
257285.375000
257377.250000
257474.250000
257494.000000
257612.625000
257749.625000
257809.500000
257887.250000
257933.375000
258067.125000
258174.625000
258288.500000
258373.125000
258570.375000
258570.000000
258666.750000
258906.750000
259026.125000
259249.375000
259263.625000
259300.250000
259437.625000
259565.125000
259734.375000
259792.750000
259807.875000
259888.500000
259961.000000
259994.750000
260192.125000
260273.875000
260382.125000
260465.875000
260490.125000
260539.250000
260533.750000
260640.375000
260709.625000
260841.500000
260928.375000
261018.000000
261027.125000
261226.750000
261337.250000
261476.375000
261592.250000
261661.625000
261826.875000
261861.750000
262047.000000
262163.750000
262296.875000
262547.750000
262658.500000
262794.625000
262932.500000
262998.875000
263109.625000
263219.500000
263375.000000
263482.125000
263581.000000
263715.500000
263925.500000
264092.375000
264167.375000
264172.250000
264249.500000
264294.625000
264466.375000
264586.625000
264767.500000
264881.375000
264961.625000
265016.750000
265070.625000
265260.375000
265478.750000
265501.250000
265528.000000
265628.250000
265758.625000
265862.625000
266065.125000
266142.250000
266235.875000
266290.875000
266376.625000
266489.500000
266561.750000
266711.000000
266726.875000
266846.125000
267044.875000
267125.875000
267305.875000
267425.750000
267462.000000
267616.875000
267693.625000
267843.625000
267912.750000
268237.750000
268493.375000
268514.250000
268692.875000
268802.125000
268885.000000
269021.250000
269268.125000
269289.625000
269415.375000
269418.500000
269532.500000
269627.750000
269638.875000
269778.125000
269929.250000
270087.000000
270218.250000
270404.375000
270547.875000
270652.500000
270891.625000
270934.000000
271013.875000
271026.625000
271106.250000
271230.500000
271371.875000
271567.625000
271599.500000
271734.250000
271848.875000
272041.875000
272136.625000
272212.000000
272330.375000
272566.875000
272679.125000
272704.000000
272705.875000
272754.250000
272993.125000
273076.625000
273113.125000
273349.500000
273382.375000
273642.125000
273778.375000
273957.750000
274036.625000
274135.875000
274185.250000
274265.250000
274321.000000
274377.500000
274593.000000
274811.000000
274918.875000
275075.375000
275094.875000
275142.250000
275302.875000
275374.125000
